One Thousand d12 Rolls

  6  9  8  2  9  3  6  8  1  6  3  7 12  2  7  6  9  8  7  6  7  9  1  6  7 10  4  4 11  6  1  8 10 12  6  3  6 10  8  8 10  6  6  8  4  2  6  6  1  1
  2  9  7 11  4 11  7  6 11  2  9  2  8  9  1  6  5 10  5  4 12  3 11 11  3  4  5  2  3  3  3  1  6  2  4  2  1  5  6 10  7  5  4  9  1  4 12  5  5  3
 10  3  6  6  4  5  4 10  3  8  6  4 11  2  6  2  1  8  6  1  3  7  4  3 10 12  9  4  9  4  4  1  1  3  4  5  2  2  4  5 11 12  9  2 11  2  1  2  8  6
  2 11  6  8  5 12  8  8  3  8 12  1  4  4  1  5  1 11 10  2  7  9 12 10  2 10  4  9  9 12  3 11  2  6  4  9  4  4  1 10  4  9  4  1  5  7 12  6  2 10
  8 10  4  3 12 10  1  9  1  7  9  2  8  3 12 10  8  6  6  3 10  4  8  7  1  3  1  1  4  7 10  6  6 12  1 10  1 10  2  1  1  8 10 12  8 10  9  4  2  8
 11  5 10  3  1  6 12  1  1 10  5  3  4  8 12  9  5  4  8  8 12  8 10  2 10  9  5 12  5  7 12  9 10 10  1  8  3  1  9  1  7  5  3  2  1  7  3 12  9  1
  1  2 10 10  7  5  8  8 12  2  9  9  5  4 11  3  2  1  3  2 11  1  2  5  9  9  9  4  1  6  8  5  6 11 12 11  9  3  4 10  9  1  9  5  5 12  1  5 12  2
  6  8  5 10  5 11  1  9  1 12 10  8  2  2  7  8 11  9  5  6  8  1  6  9  2 11  8  3 11  2 10  4  8 11  4 11 12  9 12  4  1  1  2 12  6  9 10  9  4 10
  2  3  2  6  3 11  7  8 10  8 12  5 12 12  4  4  5 11 10  3  9 10  8 10  6  8 11 10  2  2  1 11  3 12  1  5  2  1  7  6  8  9  8 10  9  1  1 10 10 12
 11  1 12  3  7  2  5  5  8  8 12 10  3  1 11 11 12  2 11  9  4  3  5  4  6  6  7  8  5  1  7 11  8  7  6  3  9 10 11  3  4 11  6  6  7  2  4  8 10  3
  4  9  5  2  3 11  8 12  8  5  3  7  4  5  9 12 10 10  5  5  5  2  7  4  4  2  9  7  1  2  7 11 11  2  5  5  9 11  7  2  6 12  7 11  4  9  2  7 10 12
  8  3 10  8 10  9 12  6  1  7  9  8 11  3  4 12  7  5  2  3  7  5  5  8  6  9  4  6  2 10  7  7 11  2  5  5  3 12 10  9  2  1 12  7 10  8  4  7  9  7
  1  9  3  8 11  2  1 11  3  9 10  8  5 11 11  5  9  6  4  9 12  5  3  1  5  1  9 10  8  4 11 10  6 12 10  4  1  1  2 12 10  8  5  1  2  2  9  5 11 10
  7  8  4 12  3  8  2 12  9  6 12 10  9  8  1 11 12  7  2  2  7  1  1  5  2  8  7  2  3 10  5 12  3  1  2  9  5  4  1  7 10  4  2  1  9  2  8  2  3  8
  1  6 10 10  8  7  2  7 10  4  9 10 10 12  6  3  1  4  9  2  2 10  9  7 11 12 10  8  8  8  9 10  1  2  1 12 12  3  8  5  5  2  6  5  6  2 12  3  6  4
  6  6 10  1  5 10 11  6  9  6  6  3  3 11  2 12  2  2  1  2  9  4  6  3  7 10  5  1 12  9  8  9  4  5  9  4 12  1  7  2 12  8  5 10  3  8  9 10 12 11
  6  5  5  6 10 12  9  6 12  9  3 10  4  4  3  9  4  1  4  6  6 11  1  5 12  5 11  9  2  1  6  7 11 10  2  1  6  6 12  6  3  5  3  1  6  9  7  1 11  8
  6 12  9 11 11  6 10  1  3  1  6  2  9  8 12  1  4  5  9  9 11  8  9 11  6  8  9 10  7 12 10  9  8  5 11 10 10  1  2  5  1 11  8  9  8  3  7 11  9  6
  9  7 10 11  5  5  5  5  5 10  6  2  2  1  2  8 10 10  3  2  5  9 10  4  3  2  9  4  7 11  8  1 12 11 12  7  9  8 10  2  8  4  1 11  9 10  6  8  9 10
  6  9  7  4  7  7 12 12  9  4  9  1  9  2  8  5 10 11 12  1 11 11  9 12  3  9 10  6  4 10  7 11  7  3  8  6  9  6  6 12  4  1  5 12 10 12 12  3  7  9