One Thousand d20 Rolls

 1  4  7 18  3 16 11  5  9 15 15  9  4 20  4 12 14 13 19 20  4  1 15 17  5 10 14 13  4  2 20  3  3  9  5 17 14  7 19 19 11 10 15  5 16 14 12  4  7 17
 19 16  2  1 10  9  7  9 16 15  7  7 19  9  3 11 14  1 12 13  9 12 15 16  6 14  6  3 12 11  7 15 18 17  9 18 16  3  2 13  3  5 20  4  1 16  1  1 12 20
  5  3 13 15  9 13  8  1 11  4 19  2  3 19  2 13 18  7  1 19 19 13 16  3 14  5 15 16  1  7 15 13  8  4  9 10 11  5  1 15  8  7 13  4 13 14  6  3 19 17
  3 16 15  9  7  7 18  4  5 14  2 17  3  5  2 20 13 20 15  9 10 12 15  2 20  3 20 20 17  7  5 11 10 11 12 17 15 15 12 10 15 13 13  4  1  5 16  6  4  8
 18  6 10  5 12 15  7  4  5  4  6  4  9 20  6 16  6 13 10  6 13 11 13  5 17  4  6  7  9 14  6 20  3 20 15 11  5 14  4  1 14 16 11 15 17  2 10 19  1  6
 12  1  6  7 11  5  4  7 14  5 10 13 20 14  3  8 15  3  4 19 11 20  9 14 10 15  7 15 19  9 10 19 17 11  3  2 17 14  1 20 18 16  8 18 13  8  8 17  7 16
  6  4 12  4 19  2  6 11  8  2 18 13 13  8  9 12 20 10 12 10 20 10 16 10 17 20 13  7  4  7  5  5 17 12 12  6 12 13  4  4 18 11 16 18  2 19  4 10 14  6
  4  5 20  2 11  4 11 14 15  6  8  9 14  9 13 19 19  5 20 20 18 14 12 15 11 19  1  9 18 12 11 14 16  9 13  9  4 10 19 17 12  3 15 16  9  3 15  6 11  9
  4 11 13 18  2 10 14  1 17 14  1 11 10  9  6  4  8 19 12  7  5 20  7  2 11  9  8 16 19  7 19  1 20 17 10  6  1 10 19 16 15  7  9 13  6  4  9  9 11  7
  7 15  6 11  9  7  1 17  7 20  9 20  6 15  7  5  3 15 19 17 10 20  1  6 13  8 12 19 15 16 19  3 12  6 17 19  2  4  4  4  2  4  8  6  4 19 12 19 20 15
  9 16 20  2  9 19 18 11  2  7 15  5 17 15  7 14 19 18 11 20  9 20 20  3  8  8 16  6  1  5 19  1  7  3 20  5 11  4 15  6  1  5  7  1 12 13 12 20  7  3
 10 17  7  9 11 17 17 10  1 13 15  9  5  8  6  5  8  2  3 10 19 15 10  9  8  1 20  7  7  1 10 16 10  5 14  7 11 13 11  3 18 15 14 15 20 18  2 17  6  5
  8 10  6 19 20 20  7  1  4  1 12  6 16 11 10  8 17  4 10  4  1  8 13  2 16  5 11  6 10  8  6 12  7 16  5 19  9  2 11  9  7 12  5 16 15 20  1 15  6 17
  1  7 20 12  1 14  9  9 11 16  1  7  1  4  4 19 10 18  9 16 18 14  1 11 14 11  7  6  1  2  8 12 10  8  6 19 16  9 18 16 17 19 11 18  8 11 11 20 10 17
 19  8 20  6 15 15 13 10 20 18 19  5 11  6 17 17  2 10  5 19  8 17 18 16  4  3  4 18 16 10 17  4  3  2 19 17  3 13 10  1  6 14  2 13  5 13 13  8  4 10
 14 15  6 13  6  9 20  1 20  9  4  1 12  7 13 15 17 18 18  7  6  1  3  5 15  8  8 19  3 12 13  4  3  1  1  5  2  6  4  7 10 19  2 17 18  1 19  5 12 10
 15  4  2  8 15 14 18 16  5  1 20 18  4  7 15 10  6 12 14  7  3 16 13  9 14  9 11  7 15 17  2  1  1 12  3 11  8 11 17 10 15 17 14  5  1 10 12  9 16 14
 12 10 13  7 10  1 10  1 10  4  6 14 18  1  2 12  3  2 14  6  6  2  2  5 11  2 11  1 14  5  1  4  5  1  6 11  3 13  4 19  2  1 18  5  2 15  2 20  7 18
 20 18 15 12 10 18 12  8  9 18 12 19 17  9 15  2 16 11 16  3  8 17  4  7  7 12 19 11 17 10 20 12 19  7 17 20  7 17  1 20 20 15 10 16 15 14 17 10 12 12
  6 15  6  2  3 19  8  5  9 10 17  7 16 10 11 15  1 13 11 19  2  2  2  2 20  1  8 17 18  3 13  9 18  3 20  3 19  7  4 10 20  1 18 12 16 12 15  6  5  1